$ANSIBLE_VAULT;1.1;AES256
63363339313061626630313965343037633464303064323130393966393533366235306232373338
3134386337356463613330326138376562396664383236620a343935643564316531663466633464
34346365633662393266306333653462336663343764623136633030343565373365663330313935
6365623466643434310a356563326664626137313035333963663034313036323863653635636532
34616264643065643732666366643632366230363938393266333364373765396632313034346537
39316335323063633863383466376338396231333034393566373333363565323765306163656334
36346432366633303431393430663062306564666434313262383366366263626561393434346362
35626364656237396539346335353238313731323936356633336564313461646530663862633633
64373038333365656430343038633964616334313466336138666239626563323735363136386130
65663161373864383332393966366561333564666663333934343036363933626539336138336166
36643562653736353030313134356332356162343938643638323132376537653634376163393536
32623730656262366133663430333339313366373332653938626537353663613534383361353664
35623735643339383631653766313838396164313961663661386438303136663439336339613866
38353335393065383033336265316330663731356564643135303464373431323337653135376237
65663864386366326336336430353635613462386234653365373162316331343238623931656236
64323934346331306262383036316239663330633932613931326330663961646534393736393637
65613436363733626437313437656335643566656564396332303762653461376337643630313930
66363339383536616633383139303365343864636537343661363739643166346661343731653932
34666461666137313862356261383432356636383362643038613735653838396636616165613636
37633837663131363230303664303734353161343864326562333066306237323733373237346430
38396131356339626337353831663962616639663561366266373166346161396265366164643264
30376333663562386561313036376236653761303634383331323065653363613231323137336536
63653965646262306238653534353061353936336462613364656538633936623838353135663039
37643033616438346334386433633336323839393138336366653064656538316333323234336532
30326665343439363739633163326332356237383665666262353637343462343264636636663562
64343639613433363333323234336338633336303132656632366434613035313833343135366634
38303636396637303366623564323863666137303161353831356536383462396539343833613739
66646434333232626233636464363630363032303734653534323663353764666664626532643331
3665
